4.522732053124376428e+00 5.275598098687308557e+00 4.129691691102552298e+00 5.275598098687308557e+00 -3.168957116047796418e+01 7.949379716385073458e+00 4.129691691102552298e+00 7.952147606258466617e+00 -7.683385499551992837e+01
1.452078778101292755e+01 -1.277829324729137461e+01 4.034654009787786322e+00 -1.277829324729137461e+01 -4.239220034722251285e+01 -7.771808952842626184e+00 4.034654009787786322e+00 -7.771808952842626184e+00 -9.309737461629711675e+01
-1.358651121023989283e+01 -2.053170140576248137e+00 -1.001399516563721903e+01 -2.053170140576248137e+00 -6.256693808382686228e+01 2.816949432870611947e+00 -1.001399516563721903e+01 2.816949432870611947e+00 -1.018728272550185636e+02
1.047479434191607162e+01 -2.665269148558672363e+00 -2.693927956607689911e+00 -2.665269148558672363e+00 -3.958927743891343454e+01 -6.256217797100624978e+00 -2.693927956607689911e+00 -6.256217797100624978e+00 -2.329387918224181320e+01
-1.227953412949429168e+00 -6.361019931945240735e+00 2.193169046101119957e+00 -6.361019931945240735e+00 -7.959018765283484242e+01 -8.393780649327741372e+00 2.195934706941096159e+00 -8.393780649327741372e+00 -9.498662154898229915e+01
-1.091736373729464693e-01 2.995276717668018396e-01 -3.560740172779176760e+00 2.995276717668018396e-01 -2.994996785264498129e+01 1.380346681758971705e+01 -3.560740172779176760e+00 1.380346681758971705e+01 -6.799278149106402225e+01
-8.348133740214527809e-02 2.705946798552295030e-01 -1.255098727839149886e+00 2.705946798552295030e-01 -2.549347324253098535e+01 -3.414098833067044758e+00 -1.255098727839149886e+00 -3.414098833067044758e+00 -5.762803080874297734e+01
-5.525009261318599485e+00 1.693423891240066093e+00 -2.922154021079239161e+00 1.693423891240066093e+00 -2.001034055995626915e+01 -2.078292957430990295e+00 -2.919303139107453759e+00 -2.078292957430990295e+00 2.651320233759699718e-01
-9.134082852895529792e-01 7.185846449830802563e+00 1.114854825549786543e+00 7.185846449830802563e+00 -6.615725145477867386e+01 -6.523556454454692677e+00 1.114854825549786543e+00 -6.523556454454692677e+00 -6.753150319518410072e+01
-1.241266519570387850e+01 5.662406819613230446e-01 -8.005471710487669368e-01 5.662406819613230446e-01 -4.316818125139623419e+01 5.299789634120757875e-02 -8.005471710487669368e-01 5.299789634120757875e-02 -4.939125002704013667e+01
-2.236735559946346985e+00 -1.379172914433320463e+00 3.951860850972399142e+00 -1.379172914433320463e+00 -2.985261030600328436e+00 6.648320715729853170e+00 3.951860850972399142e+00 6.648320715729853170e+00 -4.247440003360566152e+01
-3.453769038886812126e+01 2.632804941966809587e+00 -8.411517386475431818e-03 2.632804941966809587e+00 -3.092634559094133451e+01 -2.304755763894268394e+00 -8.411517386475431818e-03 -2.304755763894268394e+00 -3.087307264749365743e+01
1.205716674038034064e+01 7.989203540452446184e+00 1.248582764334303707e+00 7.989203540452446184e+00 -5.116887798721181468e+01 -1.389264094232800240e+01 1.248582764334303707e+00 -1.389551786113983312e+01 -9.660693370125787993e+00
-2.148740349424508977e+01 8.099013650722367785e+00 -7.183544694276153386e+00 8.099013650722367785e+00 -8.762384999642702610e+01 -1.000142962027426208e+01 -7.183544694276153386e+00 -1.000142962027426208e+01 -5.783124614955727338e+01
-4.025290415979340786e+00 2.365032223644609299e+00 1.153266596688890644e+00 2.365032223644609299e+00 -3.188754283163703462e+01 -2.027966382583363369e+00 1.153266596688890644e+00 -2.027966382583363369e+00 -1.204327893107507634e+02
3.589981737358888481e+00 -5.117811174420927145e+00 1.803339663417488525e+00 -5.117811174420927145e+00 -8.745919074416883632e+01 9.712431211924435814e+00 1.803339663417488525e+00 9.709648280345087201e+00 -5.637384500285195088e+01
1.561659238730724475e+01 4.841317997256022743e+00 2.159123212461719898e+00 4.841317997256022743e+00 -8.406922548656467598e+00 1.298961071292582536e+00 2.159123212461719898e+00 1.298961071292582536e+00 -6.443660580501503432e+01
1.689993676843897319e+01 -9.461087534467391702e-01 3.239454240602723356e+00 -9.461087534467391702e-01 -1.121498504816690200e+02 -7.449914833427101257e+00 3.239454240602723356e+00 -7.452681233290980423e+00 -5.853978751955101245e+01
2.126010964443070606e+01 8.891282613711563032e-01 1.743159354530293026e+00 8.891282613711563032e-01 -4.061619791335936469e+01 2.857494445261906879e+00 1.743159354530293026e+00 2.857494445261906879e+00 5.521954465357707065e+00
-1.456144991774224451e+01 -1.171775165117629192e-01 -6.630532641641218028e-01 -1.171775165117629192e-01 -4.950035575570082003e+00 7.576526738358134061e+00 -6.630532641641218028e-01 7.576526738358134061e+00 -1.697073397675239192e+01
-1.025145886469458922e+01 -2.899142331081970614e+00 9.561732011989006352e+00 -2.899142331081970614e+00 3.792066721306624810e+00 -4.418830956752776373e+00 9.561732011989006352e+00 -4.418830956752776373e+00 -6.277945328194877561e+01
-6.155040926659577138e+00 -5.035942576357835598e+00 1.079733081698162511e+00 -5.033130771457579478e+00 -2.002005088982009440e+01 7.400670497472821019e+00 1.079733081698162511e+00 7.400670497472821019e+00 -3.739419336849964282e+01
-1.560082217119708758e+01 9.640040891911047183e+00 -1.085014475563471859e+00 9.640040891911047183e+00 -9.311273347811740564e+01 -4.035492435429053337e+00 -1.085014475563471859e+00 -4.035492435429053337e+00 -7.557574512496243813e+01
1.961174423803387912e+00 -1.406675702787549165e+00 6.017770330182420579e+00 -1.406675702787549165e+00 2.312843349500275281e+01 4.946712274325509640e+00 6.017770330182420579e+00 4.946712274325509640e+00 -8.305807157953039166e+01
5.311576913473373684e-01 7.503656274589368680e-01 -3.400533367885070213e-01 7.503656274589368680e-01 -5.249749034057280994e+01 -9.319147642898258255e+00 -3.400533367885070213e-01 -9.319147642898258255e+00 -3.811126694371027668e+01
-4.159998722572349550e+01 8.282251385330445359e+00 -4.835872010985544200e+00 8.282251385330445359e+00 -6.487398888945426734e+01 -3.886750072177860726e+00 -4.835872010985544200e+00 -3.886750072177860726e+00 -4.759012280494201974e+01
-1.433802056316148210e+01 1.920444312685517296e+00 -3.190550030337154563e+00 1.920444312685517296e+00 -2.954871770256501051e+01 5.294423177519407275e+00 -3.190550030337154563e+00 5.294423177519407275e+00 -8.031125803715397637e+01
-1.860956586684545755e+01 -5.070726394235820084e-02 -7.014504845359550433e-01 -5.070726394235820084e-02 -1.835602954713366941e+01 -2.205765981492581407e+00 -7.014504845359550433e-01 -2.205765981492581407e+00 -8.867291928408938873e+01
-1.049229773297242296e+01 -8.174579903443643047e+00 6.773611966580588284e-01 -8.174579903443643047e+00 -9.349760774754008708e+01 -1.515765697903093923e+01 6.773611966580588284e-01 -1.515765697903093923e+01 -9.121797448328526059e+01
-2.004762636997899961e+01 -5.834554315964905591e+00 1.129443739153746407e+00 -5.834554315964905591e+00 -8.117062372471046672e+01 4.115953626339133642e+00 1.129443739153746407e+00 4.115953626339133642e+00 -1.308824383014054149e+02
-1.036897014868487155e+01 -3.853905198721515823e+00 -6.304901564480667187e-01 -3.853905198721515823e+00 -8.273613901476296917e+01 2.475560917309075570e+00 -6.304901564480667187e-01 2.475560917309075570e+00 -7.637664955794913624e+01
-1.641633445669638647e+01 3.259695898072790143e+00 3.673625535923303431e+00 3.259695898072790143e+00 -1.078516667510503346e+01 -6.959192036361749878e+00 3.673625535923303431e+00 -6.959192036361749878e+00 8.048631847093308533e-02
1.806316350341222332e+01 -1.102473840555195261e+00 -3.936992109561578079e+00 -1.102473840555195261e+00 -2.803765051348791104e+01 -1.000930197346163952e+00 -3.936992109561578079e+00 -1.000930197346163952e+00 -1.651389763273729017e+01
-6.635189067858531686e+00 6.410362669964130511e+00 -1.180338588945609501e+00 6.410362669964130511e+00 -3.422419841947530728e+01 -3.147569570521625004e-01 -1.180338588945609501e+00 -3.175672870258425262e-01 -3.639939381910365057e+01
-3.987735075027253551e+00 -2.593163905626696408e+00 -9.543297615449836124e-01 -2.593163905626696408e+00 -3.381906092475035308e+01 -5.453312923114192579e+00 -9.543297615449836124e-01 -5.453312923114192579e+00 -8.827550294291098609e+00
1.122999238196129745e+01 3.517964138640885974e+00 -5.563096401056521145e+00 3.517964138640885974e+00 -5.660443574589885429e+01 9.173638543345851160e-01 -5.560291007006568087e+00 9.173638543345851160e-01 -7.574844474277716699e+01
6.251292761512424079e+00 1.658565007199979791e+00 -2.081844618412474368e+00 1.658565007199979791e+00 -7.941531753224902346e+00 6.248413308374922703e-01 -2.081844618412474368e+00 6.248413308374922703e-01 -2.330629369492471525e+01
-6.412882054489736916e+00 -3.874563666568308751e+00 -4.219577816382871660e+00 -3.874563666568308751e+00 -4.935892908378821886e+01 8.096879690489391379e+00 -4.219577816382871660e+00 8.096879690489391379e+00 -1.346979052196665805e+02
2.175220793891318039e+01 7.930036937923046203e-01 -1.096210988477597459e+00 7.930036937923046203e-01 -2.148981701082013984e+01 3.553939348282424415e+00 -1.096210988477597459e+00 3.553939348282424415e+00 -1.154228538133725834e+01
-1.507276670547713948e+01 -3.814814135247216687e+00 -5.811352374255104536e+00 -3.812071637666161639e+00 -4.519636013578298872e+01 -1.590648597011779630e+00 -5.811352374255104536e+00 -1.590648597011779630e+00 -1.323803582375148267e+02
6.103620528641641840e+00 8.244294146744649554e-01 2.587002646047459109e+00 8.244294146744649554e-01 -1.745800357074444520e+01 1.964416294965707799e+00 2.587002646047459109e+00 1.964416294965707799e+00 -6.476319481275511691e+01
4.594537058315672162e+00 -1.090374209332247091e+01 1.300220853822626133e+01 -1.090374209332247091e+01 -3.471305282280326310e+01 3.423813673264082813e-01 1.300220853822626133e+01 3.423813673264082813e-01 -1.373998516201349105e+02
1.344155884835031856e+01 2.953539009618660671e+00 -9.181592669558105158e+00 2.953539009618660671e+00 -1.455934243921648630e+01 -1.013607286427757614e+01 -9.181592669558105158e+00 -1.013607286427757614e+01 -7.453955361357904508e+01
8.578777735101333901e-02 2.072743394706741515e+00 -5.623250437976100358e+00 2.072743394706741515e+00 -1.114134166500579681e+01 2.064441351737289043e+00 -5.620483090319615016e+00 2.064441351737289043e+00 -9.726120073479724226e+01
1.774936653412085263e+01 -7.994865529377711333e+00 4.413801359612280761e-02 -7.994865529377711333e+00 -7.368105736312767995e+00 2.451131021704686663e+00 4.413801359612280761e-02 2.451131021704686663e+00 -1.885575940826366192e+01
-2.773818302480624709e+01 1.699042879609396817e+00 -3.453160082706942191e+00 1.701796595783803934e+00 -3.083886743718903389e+01 6.102235042486909400e+00 -3.453160082706942191e+00 6.102235042486909400e+00 -6.639485068113803834e+01
-2.840119501271139413e+01 9.905473943592427166e-02 -8.840635494656241988e+00 9.905473943592427166e-02 -1.957706864129447766e+01 -9.927486107911521529e+00 -8.840635494656241988e+00 -9.927486107911521529e+00 -1.105588468131909252e+02
-1.052583606523975845e+01 -8.586722519230358230e+00 -3.061614486023292780e+00 -8.586722519230358230e+00 -7.787043017439438586e+01 -5.708094804450206006e+00 -3.061614486023292780e+00 -5.708094804450206006e+00 -7.564454631524276351e+01
-3.157343183907853401e+00 -9.439254362963271916e+00 1.928273605397011092e+00 -9.439254362963271916e+00 -9.092656741823213906e+01 -1.126920240207941681e+01 1.928273605397011092e+00 -1.126920240207941681e+01 -1.311635741529471204e+02
-6.308462206012274365e+00 -6.854887209191155684e+00 1.181318816396249183e+01 -6.854887209191155684e+00 1.388613381094269172e+01 -1.619037046455945872e-01 1.181318816396249183e+01 -1.619037046455945872e-01 -5.788346554838302183e+01
-1.474499744190184813e+01 6.894312996967079776e+00 -6.205162982990361620e+00 6.894312996967079776e+00 -2.452530192597142289e+01 6.244542983789030943e-01 -6.202350125790456303e+00 6.244542983789030943e-01 -2.432840192197807738e+01
-1.387644674306301695e+01 6.122780351933140297e-01 4.063299688101083440e+00 6.122780351933140297e-01 -1.221772988408476657e+01 -5.566163956302854453e-03 4.063299688101083440e+00 -5.566163956302854453e-03 -8.108231035146368981e+01
5.654216721435298965e+00 3.519461428648502088e-01 7.840898494316909328e+00 3.519461428648502088e-01 -1.390475744761129562e+00 -5.134951920487158539e-01 7.840898494316909328e+00 -5.134951920487158539e-01 -4.169119390723619034e+01
-3.184875082388302658e+01 2.663183058583574958e+00 -1.459278388264972470e+00 2.663183058583574958e+00 -1.079585376856798007e+01 -9.692976063590799995e+00 -1.459278388264972470e+00 -9.692976063590799995e+00 -1.024216987240513674e+02
-6.916540603445582747e+00 -2.766067962297499960e+00 -2.568687493233654973e+00 -2.766067962297499960e+00 -5.346543455766912700e+01 -9.285106232211727928e+00 -2.568687493233654973e+00 -9.285106232211727928e+00 -1.653856433076768155e+02
-2.394761788497069688e+01 3.767893415903520449e+00 -2.646797612066455141e+00 3.767893415903520449e+00 -3.336875630668919257e+01 3.062642672136344224e-01 -2.646797612066455141e+00 3.062642672136344224e-01 -1.411625393102109349e+01
-8.209662091794436733e+00 -5.736219989858452273e+00 8.662746532126028853e-01 -5.736219989858452273e+00 -2.615636526920552996e+01 -1.570122808947842508e+00 8.662746532126028853e-01 -1.570122808947842508e+00 -1.793815441438596991e+01
-2.507362013389020650e+00 1.215084214014063635e+00 -1.363753341375784300e+00 1.215084214014063635e+00 -1.315149972815221890e-01 7.470623649926466214e+00 -1.366612363055817569e+00 7.473482671606499927e+00 -6.525716984675530341e+01
-2.537060656284923610e+01 6.268721458843439009e+00 -8.202065460168985744e-01 6.268721458843439009e+00 -1.084123346197846338e+01 2.003089455918820150e+00 -8.202065460168985744e-01 2.003089455918820150e+00 -7.353123786859657685e+01
-9.183826841879989544e+00 1.874082382134458769e+00 -2.140240494970538365e-01 1.874082382134458769e+00 -5.243314822870772218e+01 -4.198164047826825618e-01 -2.140240494970538365e-01 -4.198164047826825618e-01 -9.759222267258607530e+01
-1.157452996392858147e+00 7.197729060483226249e+00 1.817608348606875035e+00 7.197729060483226249e+00 -9.402124465673644238e+00 4.638536505644745844e+00 1.817608348606875035e+00 4.638536505644745844e+00 7.997476733870251264e-01
1.427675338530576710e+01 2.702894049868175497e+00 6.581323631755465087e+00 2.702894049868175497e+00 -8.659592269479516347e+01 1.198990397741110137e+01 6.581323631755465087e+00 1.198990397741110137e+01 -1.337737097470397032e+02
7.852697586352411108e+00 3.838849686713488474e+00 2.877748390329359029e+00 3.838849686713488474e+00 -6.840207925855257542e+01 4.111069129041940995e-01 2.877748390329359029e+00 4.111069129041940995e-01 -1.203293267574107261e+02
-7.531914309902629778e-01 6.159929918879475386e-01 4.983943298002484035e+00 6.159929918879475386e-01 -3.268122818780056349e+01 3.698757919472630107e+00 4.983943298002484035e+00 3.698757919472630107e+00 -5.379298800068748676e+01
7.352344647584710735e+00 3.676172323792355368e+00 8.551463644472567793e+00 3.676172323792355368e+00 -1.080895997194689429e+00 -7.968793145984806259e+00 8.551463644472567793e+00 -7.968793145984806259e+00 -1.267012776711650019e+02
-4.216297068093375344e+00 2.587273200875480406e+00 1.831947255521854390e-01 2.587273200875480406e+00 -2.823735315857455319e+01 -2.254704314488436445e+00 1.803763451590748856e-01 -2.254704314488436445e+00 -3.280594777580674304e+01
2.367221236139928564e+01 1.713294338710767528e+00 2.132816753840287571e+00 1.716228061893491530e+00 -6.542202697474335249e-01 -1.223362567195873440e+00 2.132816753840287571e+00 -1.223362567195873440e+00 7.105477548557327161e+00
7.601427820236179578e+00 7.689453319835477529e+00 -3.220029565987235110e+00 7.689453319835477529e+00 -4.465164455480535111e+01 -2.282983925091478739e+00 -3.220029565987235110e+00 -2.282983925091478739e+00 -3.778281605381494757e+01
-1.253699443807483149e+01 -9.305125096516774219e-01 -4.849188703571687853e+00 -9.305125096516774219e-01 -2.396069712353069292e+01 -3.342644640326114747e+00 -4.849188703571687853e+00 -3.342644640326114747e+00 -7.626048505439952407e+01
9.870837686162291291e+00 1.851134797633637197e+00 -1.625386651580754682e+00 1.851134797633637197e+00 -3.240050266223997255e+01 7.260624747425836745e+00 -1.625386651580754682e+00 7.260624747425836745e+00 -1.069876901181123827e+02
8.222844652657119724e+00 -1.341768232173442321e+00 -3.775285771270616930e+00 -1.341768232173442321e+00 -7.749475487517669592e+01 -6.931080205533620031e+00 -3.775285771270616930e+00 -6.931080205533620031e+00 -5.298734422458849025e+01
-5.246907583371674733e+00 3.092027891377318483e+00 3.201455375736407483e+00 3.092027891377318483e+00 -3.754485046689646310e+01 -1.430974795465002336e-01 3.201455375736407483e+00 -1.430974795465002336e-01 -5.216043421116547307e+01
1.666788046481567420e+01 1.351128738908094151e+00 1.066946276680611483e+01 1.351128738908094151e+00 1.817342391674183588e+01 -2.384519510644394824e+00 1.066946276680611483e+01 -2.387489024356280520e+00 -4.131781378718070386e+01
-6.719424289961045682e-01 1.284093370666284706e+00 1.907633167065212243e+00 1.284093370666284706e+00 -6.579910819533889565e+00 -1.250780970584698260e+01 1.907633167065212243e+00 -1.250496249216479505e+01 -9.958414574816845288e+01
1.292928998321697343e+01 4.959540031988970199e+00 1.294682518663001547e+00 4.959540031988970199e+00 1.406323313726041668e+01 4.369188183749859178e+00 1.294682518663001547e+00 4.369188183749859178e+00 -7.167222141691073034e+01
1.275860701241886375e+01 -4.185817046736075575e+00 7.543345207898934923e+00 -4.185817046736075575e+00 1.265211272713088064e+01 5.200470931563265786e+00 7.543345207898934923e+00 5.200470931563265786e+00 -3.408408764133785240e+01
1.778740025563831750e+01 2.285812352293551175e+00 2.646108356143439089e+00 2.285812352293551175e+00 -1.673309145748741855e+01 -7.678439426309086047e-01 2.646108356143439089e+00 -7.678439426309086047e-01 2.657921339876222477e-01
-1.539428357954830950e+01 3.086699509581920520e+00 4.478795386407886880e+00 3.086699509581920520e+00 -5.408726636118593056e+00 -7.232176164918802108e+00 4.478795386407886880e+00 -7.232176164918802108e+00 -1.207706195595677769e+02
1.057653435958060273e+00 -1.941406980828676243e+00 7.155552895565311378e-01 -1.941406980828676243e+00 -1.700227787615598629e+01 3.187214397307577496e+00 7.155552895565311378e-01 3.184363579420897761e+00 -5.816523734191995487e+01
-5.987904510725009288e+00 4.401704640334278551e+00 -2.832499768554876507e+00 4.401704640334278551e+00 -3.259357483676096479e+01 1.835459850023559936e+00 -2.832499768554876507e+00 1.835459850023559936e+00 -4.709880615153048922e+01
-9.727952657578514462e+00 1.296324850882308422e+00 2.540245080133204603e+00 1.296324850882308422e+00 -4.841911224944452385e+01 -8.748813674465282020e+00 2.540245080133204603e+00 -8.748813674465282020e+00 -5.283764929436676994e+01
-7.109598057545225558e+00 7.562987918022484379e+00 -4.405948091999857930e+00 7.562987918022484379e+00 -2.137608023170385607e+01 -8.453078441658819386e+00 -4.405948091999857930e+00 -8.453078441658819386e+00 -1.101459207671100984e+02
-9.952376166880403829e+00 -1.426964252209447892e+00 5.316141331760688288e-02 -1.426964252209447892e+00 -2.750963240730057180e+01 -5.086707863758384462e+00 5.316141331760688288e-02 -5.086707863758384462e+00 -6.516470085089811448e+01
7.807705694418717535e+00 3.696630163121652046e+00 2.617403298342719342e+00 3.696630163121652046e+00 -3.312781432865227060e+01 -5.006722568562056441e-01 2.617403298342719342e+00 -5.006722568562056441e-01 -9.119467007381977908e+01
-1.523301122486998693e+01 -4.757115197606017531e+00 2.517970663804620646e+00 -4.757115197606017531e+00 -1.153998758462320851e+01 -6.447142965176575480e+00 2.517970663804620646e+00 -6.447142965176575480e+00 -2.329336251363664090e+01
-2.261565755550484624e+01 -3.700639969249275740e+00 -4.713025246771874954e+00 -3.700639969249275740e+00 -1.203136966818524201e+01 9.960841586472355402e+00 -4.713025246771874954e+00 9.960841586472355402e+00 -4.522845526559296303e+01
-1.580527125415136069e+01 3.691371963440592263e-01 2.197916130903558418e+00 3.691371963440592263e-01 -6.475399062585100296e+01 -4.469096132837235835e+00 2.197916130903558418e+00 -4.469096132837235835e+00 -1.840050299333363837e+00
-1.325114950380724110e+01 1.322331095442949467e+00 -4.855043011478955783e+00 1.322331095442949467e+00 -2.396620715930179202e+01 1.014436739325075365e+01 -4.855043011478955783e+00 1.014436739325075365e+01 -1.154158418651984022e+02
-1.435150012020640276e+01 -2.253377776951241529e+00 -6.502846784175477790e-01 -2.253377776951241529e+00 -2.544592219894752372e+00 -5.205104752029154014e+00 -6.502846784175477790e-01 -5.205104752029154014e+00 -4.798252729314871345e+01
-1.932104886957019829e+01 6.607901961861162299e+00 1.959003829976109001e+00 6.607901961861162299e+00 -6.482645267600553041e+01 -4.282094363442923601e+00 1.959003829976109001e+00 -4.282094363442923601e+00 -6.727996232714065172e+01
-1.894945291417903732e+01 7.913348314348175094e+00 2.074558371474513052e-01 7.913348314348175094e+00 -6.598460462322816511e+01 -2.017235048052191004e+00 2.074558371474513052e-01 -2.017235048052191004e+00 -1.399071246994140552e+02
1.024114870138416578e+01 2.273586489137227939e+00 -2.836978361288213790e+00 2.273586489137227939e+00 -4.226868969741914839e+00 5.179201423682413541e+00 -2.834118504069172761e+00 5.179201423682413541e+00 -2.483500009014803567e+01
-3.767830803636191828e+00 1.610198545231072131e+01 -2.317582026451857846e+00 1.610198545231072131e+01 -1.024889402827647160e+02 -2.047244390316525831e+00 -2.314766009408781411e+00 -2.047244390316525831e+00 -1.962763879024234370e+01
-2.321352262400383282e+01 -6.596419306331677390e+00 9.200633564186267321e+00 -6.596419306331677390e+00 -1.847883946796820354e+01 8.059211995850001031e+00 9.200633564186267321e+00 8.059211995850001031e+00 -6.066711044521255047e+01
-4.552188449246164503e-01 -5.030456349610002320e+00 8.729829747604986867e-01 -5.030456349610002320e+00 -3.792145846137849219e+01 4.837420510306525756e+00 8.729829747604986867e-01 4.837420510306525756e+00 -7.107752471069802347e+00
5.525947599777620844e+00 -7.319210350875343885e+00 7.670554933770666217e+00 -7.319210350875343885e+00 -3.946302355080254642e+01 8.134329783192489671e+00 7.670554933770666217e+00 8.134329783192489671e+00 -1.092007071205291737e+02
5.716188596320757043e+00 3.147557142516838047e-01 5.249675662697726786e+00 3.147557142516838047e-01 -1.049373068764095684e+01 -3.563484336349420190e+00 5.249675662697726786e+00 -3.563484336349420190e+00 -9.051194007949982279e+01
-4.222494942850983257e+00 5.583232515796316964e-01 -1.607634287211703317e+00 5.583232515796316964e-01 -8.436011823365008411e+01 8.470240686024663290e+00 -1.607634287211703317e+00 8.473046330504963919e+00 -3.076389172648573833e+01
3.191809593034133030e+00 2.984075283549061819e+00 6.260101488536602865e+00 2.984075283549061819e+00 -1.092289457035691491e+01 3.865542488661390941e+00 6.260101488536602865e+00 3.865542488661390941e+00 -9.814603957050076133e+01
9.448481000160748877e+00 -6.971581152702948536e+00 3.038369470494279856e+00 -6.971581152702948536e+00 -4.123292544174143259e+00 2.900926385688475495e+00 3.035445149540965115e+00 2.900926385688475495e+00 8.729098045645260484e+00
-3.521539058931177024e+00 4.427077674084908265e-01 -5.519473463794171586e+00 4.427077674084908265e-01 -1.437075408620159500e+01 -7.422541918498203550e+00 -5.519473463794171586e+00 -7.422541918498203550e+00 -1.642618300631244566e+01
-7.311544466650304663e+00 -2.409486244691577461e+00 4.326188144452179363e-01 -2.409486244691577461e+00 -1.415322479045944659e+00 1.297856443335653642e+00 4.326188144452179363e-01 1.297856443335653642e+00 -1.622177302906505858e+01
-8.371452629382457322e-02 6.172551072064664801e+00 3.527172041179808204e+00 6.172551072064664801e+00 -3.961371384223778591e+01 3.878773051613871314e-01 3.527172041179808204e+00 3.906677893711812954e-01 -9.267477109147358760e+01
-4.815670535744958514e+00 -4.013058779787465613e-01 -2.202913117415246980e+00 -4.013058779787465613e-01 -2.083375196315194700e+01 1.679223177357875629e+00 -2.202913117415246980e+00 1.679223177357875629e+00 -5.521798112528838232e+01
-2.094130005157319019e+01 1.431567535463619700e+00 2.103237393056888394e+00 1.431567535463619700e+00 -2.651388302262242647e+01 3.566111574425279596e+00 2.103237393056888394e+00 3.566111574425279596e+00 -2.248670993578143040e+01
5.774484991668924927e+00 2.722880580454465793e+00 -3.057422532112866964e+00 2.722880580454465793e+00 -8.648636715481972104e+00 -4.893039675560268087e+00 -3.057422532112866964e+00 -4.893039675560268087e+00 -2.370884266100843263e+01
8.177473403918314787e+00 -3.399912207000568287e+00 5.333754888499213642e+00 -3.399912207000568287e+00 -1.442680867702086900e+01 -6.303528504589980264e-01 5.333754888499213642e+00 -6.275005751175546376e-01 -7.826643536920771282e+01
-1.637913494963606453e+01 -1.718611099474172565e+00 4.021109303256877432e+00 -1.718611099474172565e+00 -6.313692443004155308e+01 1.795728264194167423e+00 4.021109303256877432e+00 1.795728264194167423e+00 -8.425601082550302579e+01
-2.890655401339122932e+01 6.862886172940061869e+00 4.738461916262122209e+00 6.862886172940061869e+00 -8.097984389875868771e+01 2.293161079148452686e+00 4.738461916262122209e+00 2.290394901730903321e+00 -2.226219585643757171e+01
-7.416173982623533334e+00 -7.010536401529450679e+00 2.131695426163384255e+00 -7.013333902088720428e+00 -2.593562768498784266e+01 -1.345597769008645583e+00 2.131695426163384255e+00 -1.345597769008645583e+00 -5.892655178045345110e+01
-6.912745456725126303e+00 2.945694001870125422e+00 1.874782818012668439e+00 2.945694001870125422e+00 -7.725701941540310713e+01 6.882462621191881569e-01 1.874782818012668439e+00 6.882462621191881569e-01 -5.900472854400224065e+01
6.760351065173899165e+00 -4.593972290403767644e+00 -5.244169851900962520e+00 -4.593972290403767644e+00 -4.287044969889151957e+01 -2.279950401232524904e+00 -5.244169851900962520e+00 -2.279950401232524904e+00 -7.006801494597290514e+01
-6.418989891983208018e+00 -6.787451547414267150e-01 1.374112639803051872e+00 -6.787451547414267150e-01 -3.531691115364779421e+01 -5.831667554002871512e+00 1.374112639803051872e+00 -5.831667554002871512e+00 -5.449353956638312013e+01
2.091727836624133730e+01 7.206769468407004275e+00 6.839599933879159543e+00 7.206769468407004275e+00 -2.682614622422433115e+01 -1.563174483431724582e+01 6.836753658417703328e+00 -1.563174483431724582e+01 -9.929231947289822813e+01
1.769848941942790521e+00 3.755949523094024856e-01 1.761312693026667375e+00 3.755949523094024856e-01 3.892529505751989305e+00 1.001017456230665026e+01 1.761312693026667375e+00 1.001017456230665026e+01 -8.739411640326505903e+01
1.790380905321573124e+01 -5.703593646997003219e+00 -7.834327542832103752e+00 -5.703593646997003219e+00 -3.748962791029599373e+01 -7.278361215044667709e+00 -7.834327542832103752e+00 -7.278361215044667709e+00 -7.926612308916618588e+01
-5.315539570126476931e+00 -9.933501768845279800e-01 -2.949357126311646482e+00 -9.933501768845279800e-01 -5.761710056878825270e+01 -9.766083199707438212e-01 -2.949357126311646482e+00 -9.738180104851131835e-01 -1.110068822668460058e+02
-1.659383703573671909e+01 4.747649297024880255e+00 -5.974698753019233699e+00 4.744782359043585807e+00 -1.128713483235927484e+01 -4.380681235419093156e+00 -5.974698753019233699e+00 -4.380681235419093156e+00 -9.853665841711663376e+00
-9.218132532526706058e+00 -5.926350549429754366e+00 1.628746293719845806e+00 -5.926350549429754366e+00 -1.840769056867236131e+01 -2.183091523512214582e+00 1.625888844081740725e+00 -2.183091523512214582e+00 -1.343572819836967369e+01
2.606992997557454927e+01 1.061853158406272923e+00 2.416433403724544959e+00 1.061853158406272923e+00 -3.333931930055587145e+01 3.156860741207838106e-01 2.416433403724544959e+00 3.156860741207838106e-01 -8.931046024217083712e+00
5.690126467834945245e+00 4.238142850525096428e+00 8.835600105333766760e-03 4.238142850525096428e+00 1.000778971930804673e+01 -8.570532102173754607e-01 1.178080014044502119e-02 -8.570532102173754607e-01 -1.838688381919956782e+01
-1.509630065616447192e+00 2.527422087256161021e+00 9.666181211103427873e-02 2.527422087256161021e+00 -3.220259840534368578e+01 3.641875921006909156e+00 9.666181211103427873e-02 3.641875921006909156e+00 -2.477101085068946063e+01
1.005405483003430334e+01 -4.836707276617698170e+00 8.800517677869480693e+00 -4.836707276617698170e+00 -4.324130783574958770e+01 -3.288388556706352439e+00 8.800517677869480693e+00 -3.288388556706352439e+00 -7.557569766487785046e+01
-4.830333385746826025e+00 1.333341005721602279e+01 -0.000000000000000000e+00 1.333341005721602279e+01 -7.760078451550819523e+01 1.118158807079586037e+00 -0.000000000000000000e+00 1.118158807079586037e+00 -2.833420050181520367e+01
1.167006413769537687e+01 7.827983162785102422e+00 -5.253876963399074507e-01 7.827983162785102422e+00 -6.360419765187595331e+00 -1.702373541213108021e+00 -5.253876963399074507e-01 -1.702373541213108021e+00 -3.427347558749217882e+01
-3.331860697316549214e+00 4.318023059396555396e+00 1.693007060911916550e+00 4.318023059396555396e+00 -1.300822260269694830e+01 -4.888059106841644130e+00 1.690156880674691164e+00 -4.888059106841644130e+00 -5.996779219122343818e+01
-1.880090718063530275e+01 4.705666872468037831e-01 2.053629184227380833e+00 4.705666872468037831e-01 -4.595777310821963368e+01 -8.105715190725290009e-01 2.053629184227380833e+00 -8.105715190725290009e-01 -1.253937819773274782e+02
-1.684375846444103320e-01 -8.336279803958603907e+00 -1.179339219698814034e+01 -8.336279803958603907e+00 -3.133491328761915895e+01 -5.271268017806218786e+00 -1.179615346886755667e+01 -5.271268017806218786e+00 -2.066646325430532158e+02
-8.807993600753828645e+00 8.065825618496352822e-01 -9.242091854527070827e-02 8.065825618496352822e-01 -2.987716239518024253e+01 5.211979679174206126e+00 -9.522155244058194690e-02 5.211979679174206126e+00 -3.331354018472712397e+01
-3.878008636647412466e+00 -2.057661889999383042e+00 -2.875701148845813737e+00 -2.057661889999383042e+00 -4.526018575139755029e+01 -6.762085614082097074e+00 -2.875701148845813737e+00 -6.762085614082097074e+00 -9.078281413191308502e+01
1.259562814969394751e+01 -9.281279411530171330e+00 -3.692107288187433056e+00 -9.281279411530171330e+00 -6.695425628959466735e+01 -2.103866961080665732e+00 -3.692107288187433056e+00 -2.103866961080665732e+00 -9.027326400893828406e+01
-5.875582797361663445e+00 2.358748456332146581e+00 2.668139048077277087e-01 2.358748456332146581e+00 -1.154963594321961828e+01 -1.864858887858267478e+00 2.668139048077277087e-01 -1.864858887858267478e+00 -3.793015116963474043e+01
7.498138441369756713e+00 -9.004460896109216961e+00 -2.368273637173706980e+00 -9.004460896109216961e+00 -3.601784358443686784e+01 -6.460449639215906537e+00 -2.368273637173706980e+00 -6.460449639215906537e+00 -9.633768943867035262e+01
1.667350849841309568e+01 3.335287866267200751e+00 -5.668230872900497985e+00 3.335287866267200751e+00 5.002931799400800905e+00 1.664713100210694297e+00 -5.665300039977592128e+00 1.664713100210694297e+00 -2.057444711880118859e+01
9.579569028778344375e+00 6.999279197599719282e+00 3.949593261502698738e+00 6.999279197599719282e+00 -9.612621180544789468e+01 -5.427218869884861796e+00 3.952370753247778090e+00 -5.427218869884861796e+00 -1.036059970749463304e+02
2.453006761977885919e+00 2.438860240859213047e+00 9.025480473713328733e-01 2.438860240859213047e+00 -2.895227012147601897e+01 6.252762334453435322e+00 9.025480473713328733e-01 6.252762334453435322e+00 -5.503845506430889856e+01
4.476419266908582273e+00 3.812015665141074372e+00 4.969185271552816197e+00 3.812015665141074372e+00 -8.274870025180236155e+01 -1.215304921566399132e+00 4.969185271552816197e+00 -1.215304921566399132e+00 -1.427028202662978060e+02
9.963448402100851808e+00 -6.275960241671653117e-01 2.345531684790650218e+00 -6.275960241671653117e-01 -5.142238391563226152e+00 -1.052741717957825784e+00 2.345531684790650218e+00 -1.052741717957825784e+00 -1.255481263092011446e+01
-1.821626239324808694e+01 1.163213822239184347e+00 2.560183532201075529e+00 1.163213822239184347e+00 -3.553089493385144237e+01 -5.487697745109261227e+00 2.560183532201075529e+00 -5.487697745109261227e+00 -5.550589210139418128e+01
3.578992721140861200e+00 -5.290064938419360985e+00 -1.368857773822799384e+00 -5.290064938419360985e+00 -3.449806768736334561e+01 2.994376380237374069e-01 -1.368857773822799384e+00 2.965858509949398369e-01 -5.869548062671012190e+01
-1.176666377943525532e+01 -3.543543097307022549e+00 7.974354006030234032e+00 -3.543543097307022549e+00 -6.401319390837232959e+01 -1.976313037889642299e+00 7.974354006030234032e+00 -1.976313037889642299e+00 -6.067972044865918235e+01
-1.620859855576921049e+01 1.582227373915781499e+00 -4.152991778572482140e+00 1.582227373915781499e+00 7.615712009817253048e+00 -9.146808158005057532e-01 -4.152991778572482140e+00 -9.146808158005057532e-01 -6.770626473479829599e+01
-2.806049943856403317e+01 3.590866598160764589e+00 -6.534983534945667749e+00 3.590866598160764589e+00 -9.144477820844798543e+00 -3.568370957765082618e+00 -6.534983534945667749e+00 -3.568370957765082618e+00 -4.516281004938139176e+01
-2.042899316480252025e+01 1.065451418104710113e+00 -1.328355014779898369e+01 1.065451418104710113e+00 -3.130766725459373134e+01 -2.075554710593591423e+00 -1.328355014779898369e+01 -2.075554710593591423e+00 -9.028386250454043704e+01
1.244662404929387556e+01 -1.315470898005342271e+01 1.506131471574614356e+00 -1.315470898005342271e+01 -2.913305172088160333e+01 1.256560553356084853e+00 1.503229484153468576e+00 1.253658565934939073e+00 -2.536046807339220521e+01
1.552286572607009596e+01 6.220124680481838197e+00 3.203956465701049083e+00 6.220124680481838197e+00 -1.442791577070427422e+01 4.899828824011703610e+00 3.206845515715207373e+00 4.899828824011703610e+00 -5.234958625654013709e+00
-1.197906273129137888e+00 7.294042880879995083e-01 9.378455904146857591e+00 7.294042880879995083e-01 -2.283596501937044820e+01 -2.336899122989629429e+00 9.378455904146857591e+00 -2.336899122989629429e+00 -8.018397446973540355e+01
-1.378211088420435715e+01 2.080790375381790902e+00 1.133739054997742102e+01 2.083568466670684849e+00 -3.242588152397364354e+01 -1.442662806322782210e+01 1.133739054997742102e+01 -1.442384997193892815e+01 -1.509809272775356135e+02
1.080940741595328625e+01 6.550220130238705529e+00 1.024787975798168604e+00 6.550220130238705529e+00 -2.432537814332967940e+01 -3.798734606177869289e+00 1.024787975798168604e+00 -3.798734606177869289e+00 -7.317547674856895412e+01
-2.583598925079035524e+01 -6.339500058260325588e+00 4.217228819454520661e+00 -6.339500058260325588e+00 -8.289422114094898575e+01 -5.290655585028112284e+00 4.217228819454520661e+00 -5.290655585028112284e+00 -5.322885701653476787e+01
-2.157180084061963043e+00 3.817660068447008559e+00 2.630777853521349741e+00 3.817660068447008559e+00 2.483500498384589306e-01 1.166667675985318731e+00 2.630777853521349741e+00 1.166667675985318731e+00 -2.887791277191383088e+01
1.130060278659786377e+01 7.461882216287641256e+00 2.583754230016496400e+00 7.461882216287641256e+00 -1.330559606909066339e+01 -3.147750867654383278e+00 2.583754230016496400e+00 -3.147750867654383278e+00 -2.021529309564906640e+01
-3.460634809905940301e+01 3.351672083988235240e+00 -2.964427102172861428e+00 3.351672083988235240e+00 -1.425889436145146192e+02 -3.848413922730714365e+00 -2.964427102172861428e+00 -3.848413922730714365e+00 -7.399316873225342306e+01
3.744672799752140624e-01 3.386848509998046985e+00 7.766728769856291237e+00 3.386848509998046985e+00 -4.939639497628601106e+01 1.242676603177006456e+00 7.766728769856291237e+00 1.239902771473486487e+00 -8.785557154559225523e+01
4.555552459166773538e+00 -3.303965520477438744e-01 -2.937169348288841686e+00 -3.303965520477438744e-01 -3.885239454419062355e+01 7.968716840066771390e+00 -2.937169348288841686e+00 7.968716840066771390e+00 -1.438008993226104337e+02
-8.168949582471139337e+00 -2.559016576478950755e-02 6.425974958713809304e-01 -2.274681401314622778e-02 -4.541401417724644318e+01 -2.448125858164862834e+00 6.425974958713809304e-01 -2.448125858164862834e+00 -2.495894167592469515e+01
-2.625496171426160430e+00 -2.758182537078880170e+00 -2.317776727678363180e+00 -2.758182537078880170e+00 -2.450180781914800221e+01 5.609527841530947079e+00 -2.317776727678363180e+00 5.609527841530947079e+00 -3.378138407234992968e+01
9.639711997070790517e+00 1.357959428633001586e+01 2.914198647602906367e-01 1.357959428633001586e+01 -3.555893761575075729e+01 4.631290203690501706e+00 2.914198647602906367e-01 4.631290203690501706e+00 -3.126192313928529742e+01
3.807267022838346548e+01 2.256068868797498794e+00 -7.567482341995888540e+00 2.256068868797498794e+00 -8.408983965517951020e+00 -5.308397338347056182e-01 -7.567482341995888540e+00 -5.308397338347056182e-01 9.968325683657399239e+00
8.337017533453092710e+00 5.357474673515172370e+00 -3.167724514249790513e+00 5.357474673515172370e+00 -1.519709420427667323e+00 -1.140779998336040713e+01 -3.167724514249790513e+00 -1.140779998336040713e+01 -6.825006453429094222e+01
-1.093397350661199807e+00 3.092436951365009623e-01 3.205642232620335985e+00 3.092436951365009623e-01 -7.438139199359106613e+01 7.570948322002550412e+00 3.205642232620335985e+00 7.570948322002550412e+00 -1.032929163844330418e+02
2.234105498120468880e+00 3.735810464455573854e+00 1.774226094441287094e+00 3.735810464455573854e+00 -4.648188491261061728e+01 1.689063241908105528e+00 1.774226094441287094e+00 1.689063241908105528e+00 -1.195118697215650982e+01
-7.884727216628310664e+00 3.688477674059481348e+00 -5.089129288880211988e+00 3.688477674059481348e+00 -2.939942065650194181e+01 -1.226639907073145408e-01 -5.089129288880211988e+00 -1.226639907073145408e-01 -6.195957856192724655e+00
-1.569349440950472641e+01 -3.135923728159211166e+00 2.172945379777577291e+00 -3.135923728159211166e+00 -4.743570290745611118e+01 6.477208833206725913e+00 2.170170226035843974e+00 6.477208833206725913e+00 -5.627456757487831140e+01
9.774331287749184582e+00 -4.427592727822164398e-01 -3.648560589635732931e+00 -4.427592727822164398e-01 -4.534359362588003250e+01 -1.529200855425667882e+01 -3.648560589635732931e+00 -1.529200855425667882e+01 -8.764111554597353404e+01
-1.291536099050273734e+01 7.257070438151161929e-01 -8.085655492009033551e+00 7.257070438151161929e-01 -1.969418770629297910e+01 -4.832485985251616434e+00 -8.085655492009033551e+00 -4.832485985251616434e+00 -6.881426677157206484e+01
2.881340643682637204e+00 2.223703901023931007e+00 6.046914116819461782e+00 2.223703901023931007e+00 -1.679481630510179357e+01 8.092275850342725008e+00 6.046914116819461782e+00 8.092275850342725008e+00 -9.508145464515982326e+01
-9.228716671451914877e+00 -1.742641702988187991e+00 1.336398862259430276e+00 -1.742641702988187991e+00 -5.100168739742279200e+01 1.388510012863257259e+01 1.336398862259430276e+00 1.388510012863257259e+01 -5.921619780443462844e+01
1.881567509318039511e+00 -2.675754097971190792e-01 3.356078810114929478e+00 -2.675754097971190792e-01 -1.652420482842847349e+01 -6.837405684390213345e+00 3.356078810114929478e+00 -6.837405684390213345e+00 -3.125508510183369637e+01
1.995527172618701073e+01 5.587364336045641977e+00 -3.855281391871492325e-01 5.587364336045641977e+00 -4.367922069703680421e+01 -7.537354489325569951e+00 -3.855281391871492325e-01 -7.537354489325569951e+00 -1.177509096999938691e+02
3.811831246554613806e+00 -3.008753412606019584e+00 1.826444379292810449e+00 -3.008753412606019584e+00 -8.325797904874005440e+01 -2.328368025510682227e+00 1.823655914591600036e+00 -2.328368025510682227e+00 -4.402706916741097132e+01
-1.019059467162661825e+01 3.536574656201602718e+00 -6.295157676182249418e+00 3.536574656201602718e+00 -9.469034823103376652e+01 -2.013464269797194284e+00 -6.295157676182249418e+00 -2.010724862627402132e+00 -6.776197575197741685e+01
1.228045738435230128e+01 -1.394089763059836784e+00 5.525355768224962105e+00 -1.394089763059836784e+00 -3.399368879558711853e+01 1.785114940503449432e-01 5.525355768224962105e+00 1.785114940503449432e-01 -4.364181002164147571e+01
